image: my_playground_easy_map_toolbox.pgm
resolution: 0.100000
origin: [-11.034887, -7.978453, 0.000000]
negate: 0
occupied_thresh: 0.65
free_thresh: 0.196

